00 05 05 
00 08 05 
00 0F 05
0A 0A 05 
0A 0B 05 
0A 0C 14 
0A 0F 14 
0A 06 14 
0A 05 05 
0A 10 05 
0A 08 14 
0B 0A 14 
0B 0B 05 
0B 0C 05 
0B 04 14 
0B 05 14 
0B 10 05 
0D 0B 14 
0D 0D 05 
0D 0C 05 
0D 04 00 
0D 02 14 
0D 10 05 
0C 0A 05 
0C 0B 14 
0C 0C 05 
0C 03 05 
0C 04 14 
0C 02 05 
0C 06 05 
0C 05 14 
0C 10 05 
0C 08 05 
0C 0F 05 
0F 0C 14 
0F 0F 05 
0F 04 14 
0F 02 14 
0F 10 14 
0F 08 05 
0F 0A 05 
01 00 14 
01 0F 14 
01 03 05 
01 02 05 
01 0E 05 
01 06 05 
01 05 14 
01 11 14 
01 08 14 
03 0C 14 
03 03 05 
03 04 05 
03 05 05 
03 07 05 
03 08 00 
03 0B 14
04 0A 14 
04 0D 14 
04 0C 05 
04 03 14 
04 02 00 
04 06 05 
04 05 14 
04 08 14 
02 0D 05 
02 0C 14 
02 01 14 
02 06 14 
02 05 05 
02 08 05 
02 0F 05
0E 01 14 
0E 03 14 
0E 0E 05 
0E 11 00 
0E 08 05 
06 0A 05 
06 0C 14 
06 01 05 
06 03 05 
06 02 05 
06 0E 14 
06 07 05 
06 11 14 
06 08 05 
05 0A 14 
05 0F 14 
05 01 05 
05 04 05 
05 02 14 
05 06 14 
05 08 05 
07 00 00 
07 0E 14 
07 11 05 
07 08 05 
07 07 14 
10 10 14 
10 08 05 
11 01 05 
11 0E 14 
11 07 14 
11 11 05 
11 08 05 
08 0A 05 
08 0B 05 
08 0D 05 
08 0F 14 
08 05 14 
08 08 05 
FE FE 00 
00 07 00 
01 07 00 
FF FF 00